test,size,J48_10,IDF_10,IDF2_10,J48_20,IDF_20,IDF2_20,J48_30,IDF_30,IDF2_30,J48_40,IDF_40,IDF2_40
Clean,225,96.98,98.9,99.32,98.82,96.27,96.8,87.53,87.14,87.7,68.12,85.14,85.54
Clean,450,99.71,99.62,99.48,98.78,95.7,96.21,93.79,90.31,91.04,82.81,77.28,77.94
Clean,900,99.39,99.34,98.96,98.68,98.36,98.36,96.52,91.55,91.22,83.23,78.24,78.2
Clean,1800,99.9,99.75,99.75,99.98,99.65,99.65,98.92,98.44,98.53,89.51,87.7,87.61
Clean,4500,99.93,99.96,99.96,99.9,99.91,99.91,99.58,98.31,98.31,98.45,90.35,90.35
Clean,9000,99.98,99.99,99.99,100,100,100,99.98,99.85,99.91,99.66,97.3,97.29
Noisy,225,85.37,89.18,89.79,77.48,75.69,75.63,62.27,67.7,64.59,53.13,55.22,55.45
Noisy,450,90.44,89.53,89.51,80.91,75.75,75.92,64.5,61.84,62.9,53.2,53.2,52.83
Noisy,900,86.96,87.22,87,77.77,77.39,77.39,67.62,63.69,63.33,58.8,58.35,58.41
Noisy,1800,88.62,88.94,88.94,79.28,78.75,78.75,68.58,68.81,68.88,57.88,57.66,57.58
Noisy,4500,89.06,89.29,89.29,79.6,79.25,79.25,70.93,69.46,69.45,59.16,57.11,56.94
Noisy,9000,89.23,89.43,89.43,79.73,79.58,79.58,69.16,69.31,69.41,58.89,58.65,58.64
